1 0.778305 0.282366
1 1.000000 0.712565
1 0.868287 0.670370
1 0.000000 1.000000
1 0.788835 0.149491
1 0.828161 0.103737
1 0.879280 0.093803
1 0.800918 0.175404
1 0.820754 0.219737
1 0.786195 0.227583
1 0.811704 0.124990
1 0.757694 0.216978
1 0.786270 0.237295
1 0.818461 0.179880
1 0.780750 0.102422
1 0.847782 0.000000
1 0.852643 0.062347
1 0.854220 0.114477
1 0.815615 0.130638
1 0.817390 0.104812
1 0.769273 0.225369
1 0.856352 0.093123
1 0.765492 0.144704
1 0.765921 0.267020
1 0.791882 0.196532
1 0.780571 0.266495
1 0.828030 0.172762
1 0.745310 0.218318
1 0.770530 0.205957
1 0.773090 0.232730
2 0.729044 0.587165
2 0.853971 0.450460
2 0.753595 0.595733
2 0.869478 0.521170
2 0.849303 0.528752
2 0.866637 0.467331
2 0.839788 0.463579
2 0.873196 0.425629
2 0.852008 0.492393
2 0.866796 0.454737
2 0.839935 0.536286
2 0.857375 0.454653
2 0.805381 0.584138
2 0.829581 0.515682
2 0.843008 0.432063
2 0.845524 0.468993
2 0.838115 0.478883
2 0.834086 0.471730
2 0.828212 0.637579
2 0.825375 0.509623
2 0.915085 0.420168
2 0.825711 0.495934
2 0.860715 0.575595
2 0.754922 0.585962
2 0.887092 0.439837
2 0.838414 0.490096
2 0.822009 0.562103
2 0.766003 0.619071
2 0.839940 0.504053
2 0.838169 0.455762
3 0.895140 0.553975
3 0.857378 0.580488
3 0.868610 0.607092
3 0.796794 0.631235
3 0.836894 0.628217
3 0.872251 0.646800
3 0.820930 0.580848
3 0.880534 0.605282
3 0.862616 0.652503
3 0.786993 0.637265
3 0.748148 0.631744
3 0.846242 0.615486
3 0.911049 0.540415
3 0.812378 0.660852
3 0.807589 0.661500
3 0.921767 0.497124
3 0.858148 0.555197
3 0.769710 0.630365
3 0.922082 0.699966
3 0.805396 0.676558
3 0.859308 0.588547
3 0.819021 0.597326
3 0.808562 0.739733
3 0.838056 0.593754
3 0.845504 0.560671
3 0.796021 0.622370
3 0.884177 0.524947
3 0.867895 0.509286
3 0.794515 0.682092
3 0.873973 0.551121
